{
 "cells": [
  {
   "cell_type": "markdown",
   "metadata": {},
   "source": [
    "# LAB | Ensemble Methods"
   ]
  },
  {
   "cell_type": "markdown",
   "metadata": {},
   "source": [
    "**Load the data**\n",
    "\n",
    "In this challenge, we will be working with the same Spaceship Titanic data, like the previous Lab. The data can be found here:\n",
    "\n",
    "https://raw.githubusercontent.com/data-bootcamp-v4/data/main/spaceship_titanic.csv\n",
    "\n",
    "Metadata\n",
    "\n",
    "https://github.com/data-bootcamp-v4/data/blob/main/spaceship_titanic.md"
   ]
  },
  {
   "cell_type": "markdown",
   "metadata": {},
   "source": [
    "In this Lab, you should try different ensemble methods in order to see if can obtain a better model than before. In order to do a fair comparison, you should perform the same feature scaling, engineering applied in previous Lab."
   ]
  },
  {
   "cell_type": "code",
   "execution_count": 1,
   "metadata": {},
   "outputs": [],
   "source": [
    "#Libraries\n",
    "import pandas as pd\n",
    "import numpy as np\n",
    "from sklearn.model_selection import train_test_split"
   ]
  },
  {
   "cell_type": "code",
   "execution_count": 2,
   "metadata": {},
   "outputs": [
    {
     "data": {
      "text/html": [
       "<div>\n",
       "<style scoped>\n",
       "    .dataframe tbody tr th:only-of-type {\n",
       "        vertical-align: middle;\n",
       "    }\n",
       "\n",
       "    .dataframe tbody tr th {\n",
       "        vertical-align: top;\n",
       "    }\n",
       "\n",
       "    .dataframe thead th {\n",
       "        text-align: right;\n",
       "    }\n",
       "</style>\n",
       "<table border=\"1\" class=\"dataframe\">\n",
       "  <thead>\n",
       "    <tr style=\"text-align: right;\">\n",
       "      <th></th>\n",
       "      <th>PassengerId</th>\n",
       "      <th>HomePlanet</th>\n",
       "      <th>CryoSleep</th>\n",
       "      <th>Cabin</th>\n",
       "      <th>Destination</th>\n",
       "      <th>Age</th>\n",
       "      <th>VIP</th>\n",
       "      <th>RoomService</th>\n",
       "      <th>FoodCourt</th>\n",
       "      <th>ShoppingMall</th>\n",
       "      <th>Spa</th>\n",
       "      <th>VRDeck</th>\n",
       "      <th>Name</th>\n",
       "      <th>Transported</th>\n",
       "    </tr>\n",
       "  </thead>\n",
       "  <tbody>\n",
       "    <tr>\n",
       "      <th>0</th>\n",
       "      <td>0001_01</td>\n",
       "      <td>Europa</td>\n",
       "      <td>False</td>\n",
       "      <td>B/0/P</td>\n",
       "      <td>TRAPPIST-1e</td>\n",
       "      <td>39.0</td>\n",
       "      <td>False</td>\n",
       "      <td>0.0</td>\n",
       "      <td>0.0</td>\n",
       "      <td>0.0</td>\n",
       "      <td>0.0</td>\n",
       "      <td>0.0</td>\n",
       "      <td>Maham Ofracculy</td>\n",
       "      <td>False</td>\n",
       "    </tr>\n",
       "    <tr>\n",
       "      <th>1</th>\n",
       "      <td>0002_01</td>\n",
       "      <td>Earth</td>\n",
       "      <td>False</td>\n",
       "      <td>F/0/S</td>\n",
       "      <td>TRAPPIST-1e</td>\n",
       "      <td>24.0</td>\n",
       "      <td>False</td>\n",
       "      <td>109.0</td>\n",
       "      <td>9.0</td>\n",
       "      <td>25.0</td>\n",
       "      <td>549.0</td>\n",
       "      <td>44.0</td>\n",
       "      <td>Juanna Vines</td>\n",
       "      <td>True</td>\n",
       "    </tr>\n",
       "    <tr>\n",
       "      <th>2</th>\n",
       "      <td>0003_01</td>\n",
       "      <td>Europa</td>\n",
       "      <td>False</td>\n",
       "      <td>A/0/S</td>\n",
       "      <td>TRAPPIST-1e</td>\n",
       "      <td>58.0</td>\n",
       "      <td>True</td>\n",
       "      <td>43.0</td>\n",
       "      <td>3576.0</td>\n",
       "      <td>0.0</td>\n",
       "      <td>6715.0</td>\n",
       "      <td>49.0</td>\n",
       "      <td>Altark Susent</td>\n",
       "      <td>False</td>\n",
       "    </tr>\n",
       "    <tr>\n",
       "      <th>3</th>\n",
       "      <td>0003_02</td>\n",
       "      <td>Europa</td>\n",
       "      <td>False</td>\n",
       "      <td>A/0/S</td>\n",
       "      <td>TRAPPIST-1e</td>\n",
       "      <td>33.0</td>\n",
       "      <td>False</td>\n",
       "      <td>0.0</td>\n",
       "      <td>1283.0</td>\n",
       "      <td>371.0</td>\n",
       "      <td>3329.0</td>\n",
       "      <td>193.0</td>\n",
       "      <td>Solam Susent</td>\n",
       "      <td>False</td>\n",
       "    </tr>\n",
       "    <tr>\n",
       "      <th>4</th>\n",
       "      <td>0004_01</td>\n",
       "      <td>Earth</td>\n",
       "      <td>False</td>\n",
       "      <td>F/1/S</td>\n",
       "      <td>TRAPPIST-1e</td>\n",
       "      <td>16.0</td>\n",
       "      <td>False</td>\n",
       "      <td>303.0</td>\n",
       "      <td>70.0</td>\n",
       "      <td>151.0</td>\n",
       "      <td>565.0</td>\n",
       "      <td>2.0</td>\n",
       "      <td>Willy Santantines</td>\n",
       "      <td>True</td>\n",
       "    </tr>\n",
       "  </tbody>\n",
       "</table>\n",
       "</div>"
      ],
      "text/plain": [
       "  PassengerId HomePlanet CryoSleep  Cabin  Destination   Age    VIP  \\\n",
       "0     0001_01     Europa     False  B/0/P  TRAPPIST-1e  39.0  False   \n",
       "1     0002_01      Earth     False  F/0/S  TRAPPIST-1e  24.0  False   \n",
       "2     0003_01     Europa     False  A/0/S  TRAPPIST-1e  58.0   True   \n",
       "3     0003_02     Europa     False  A/0/S  TRAPPIST-1e  33.0  False   \n",
       "4     0004_01      Earth     False  F/1/S  TRAPPIST-1e  16.0  False   \n",
       "\n",
       "   RoomService  FoodCourt  ShoppingMall     Spa  VRDeck               Name  \\\n",
       "0          0.0        0.0           0.0     0.0     0.0    Maham Ofracculy   \n",
       "1        109.0        9.0          25.0   549.0    44.0       Juanna Vines   \n",
       "2         43.0     3576.0           0.0  6715.0    49.0      Altark Susent   \n",
       "3          0.0     1283.0         371.0  3329.0   193.0       Solam Susent   \n",
       "4        303.0       70.0         151.0   565.0     2.0  Willy Santantines   \n",
       "\n",
       "   Transported  \n",
       "0        False  \n",
       "1         True  \n",
       "2        False  \n",
       "3        False  \n",
       "4         True  "
      ]
     },
     "execution_count": 2,
     "metadata": {},
     "output_type": "execute_result"
    }
   ],
   "source": [
    "spaceship = pd.read_csv(\"https://raw.githubusercontent.com/data-bootcamp-v4/data/main/spaceship_titanic.csv\")\n",
    "spaceship.head()"
   ]
  },
  {
   "cell_type": "code",
   "execution_count": 3,
   "metadata": {},
   "outputs": [
    {
     "name": "stdout",
     "output_type": "stream",
     "text": [
      "Se mantuvo un total de 2087 datos, es decir, el 24.01 % del total inicial\n"
     ]
    }
   ],
   "source": [
    "#Se eliminan todas las filas con al menos un valor nulo en las columnas\n",
    "initial_data=spaceship.shape[0]\n",
    "spaceship_1 = spaceship.dropna()\n",
    "datos_totales=initial_data-spaceship_1.shape[0]\n",
    "datos_totales\n",
    "print(f\"Se mantuvo un total de {datos_totales} datos, es decir, el {round(datos_totales/initial_data*100,2)} % del total inicial\")\n",
    "# Extraer la primera letra de la columna \"Cabin\"\n",
    "spaceship_1.loc[:, 'Cabin'] = spaceship_1['Cabin'].str.strip().str[0]\n",
    "#Se eliminan las columnas passengerID y name\n",
    "spaceship_1= spaceship_1.drop(columns=[\"PassengerId\", \"Name\"])\n"
   ]
  },
  {
   "cell_type": "markdown",
   "metadata": {},
   "source": [
    "Now perform the same as before:\n",
    "- Feature Scaling\n",
    "- Feature Selection\n"
   ]
  },
  {
   "cell_type": "code",
   "execution_count": 4,
   "metadata": {},
   "outputs": [
    {
     "data": {
      "text/html": [
       "<div>\n",
       "<style scoped>\n",
       "    .dataframe tbody tr th:only-of-type {\n",
       "        vertical-align: middle;\n",
       "    }\n",
       "\n",
       "    .dataframe tbody tr th {\n",
       "        vertical-align: top;\n",
       "    }\n",
       "\n",
       "    .dataframe thead th {\n",
       "        text-align: right;\n",
       "    }\n",
       "</style>\n",
       "<table border=\"1\" class=\"dataframe\">\n",
       "  <thead>\n",
       "    <tr style=\"text-align: right;\">\n",
       "      <th></th>\n",
       "      <th>CryoSleep</th>\n",
       "      <th>Age</th>\n",
       "      <th>VIP</th>\n",
       "      <th>RoomService</th>\n",
       "      <th>FoodCourt</th>\n",
       "      <th>ShoppingMall</th>\n",
       "      <th>Spa</th>\n",
       "      <th>VRDeck</th>\n",
       "      <th>Transported</th>\n",
       "      <th>HomePlanet_Earth</th>\n",
       "      <th>...</th>\n",
       "      <th>Cabin_B</th>\n",
       "      <th>Cabin_C</th>\n",
       "      <th>Cabin_D</th>\n",
       "      <th>Cabin_E</th>\n",
       "      <th>Cabin_F</th>\n",
       "      <th>Cabin_G</th>\n",
       "      <th>Cabin_T</th>\n",
       "      <th>Destination_55 Cancri e</th>\n",
       "      <th>Destination_PSO J318.5-22</th>\n",
       "      <th>Destination_TRAPPIST-1e</th>\n",
       "    </tr>\n",
       "  </thead>\n",
       "  <tbody>\n",
       "    <tr>\n",
       "      <th>7842</th>\n",
       "      <td>True</td>\n",
       "      <td>61.0</td>\n",
       "      <td>False</td>\n",
       "      <td>0.0</td>\n",
       "      <td>0.0</td>\n",
       "      <td>0.0</td>\n",
       "      <td>0.0</td>\n",
       "      <td>0.0</td>\n",
       "      <td>True</td>\n",
       "      <td>False</td>\n",
       "      <td>...</td>\n",
       "      <td>False</td>\n",
       "      <td>False</td>\n",
       "      <td>False</td>\n",
       "      <td>False</td>\n",
       "      <td>True</td>\n",
       "      <td>False</td>\n",
       "      <td>False</td>\n",
       "      <td>False</td>\n",
       "      <td>False</td>\n",
       "      <td>True</td>\n",
       "    </tr>\n",
       "    <tr>\n",
       "      <th>6941</th>\n",
       "      <td>False</td>\n",
       "      <td>20.0</td>\n",
       "      <td>False</td>\n",
       "      <td>0.0</td>\n",
       "      <td>802.0</td>\n",
       "      <td>0.0</td>\n",
       "      <td>16.0</td>\n",
       "      <td>0.0</td>\n",
       "      <td>False</td>\n",
       "      <td>True</td>\n",
       "      <td>...</td>\n",
       "      <td>False</td>\n",
       "      <td>False</td>\n",
       "      <td>False</td>\n",
       "      <td>False</td>\n",
       "      <td>False</td>\n",
       "      <td>True</td>\n",
       "      <td>False</td>\n",
       "      <td>False</td>\n",
       "      <td>False</td>\n",
       "      <td>True</td>\n",
       "    </tr>\n",
       "    <tr>\n",
       "      <th>1897</th>\n",
       "      <td>False</td>\n",
       "      <td>19.0</td>\n",
       "      <td>False</td>\n",
       "      <td>30.0</td>\n",
       "      <td>1.0</td>\n",
       "      <td>1051.0</td>\n",
       "      <td>0.0</td>\n",
       "      <td>6.0</td>\n",
       "      <td>True</td>\n",
       "      <td>True</td>\n",
       "      <td>...</td>\n",
       "      <td>False</td>\n",
       "      <td>False</td>\n",
       "      <td>False</td>\n",
       "      <td>False</td>\n",
       "      <td>True</td>\n",
       "      <td>False</td>\n",
       "      <td>False</td>\n",
       "      <td>True</td>\n",
       "      <td>False</td>\n",
       "      <td>False</td>\n",
       "    </tr>\n",
       "    <tr>\n",
       "      <th>3749</th>\n",
       "      <td>True</td>\n",
       "      <td>33.0</td>\n",
       "      <td>False</td>\n",
       "      <td>0.0</td>\n",
       "      <td>0.0</td>\n",
       "      <td>0.0</td>\n",
       "      <td>0.0</td>\n",
       "      <td>0.0</td>\n",
       "      <td>True</td>\n",
       "      <td>False</td>\n",
       "      <td>...</td>\n",
       "      <td>False</td>\n",
       "      <td>False</td>\n",
       "      <td>False</td>\n",
       "      <td>False</td>\n",
       "      <td>True</td>\n",
       "      <td>False</td>\n",
       "      <td>False</td>\n",
       "      <td>False</td>\n",
       "      <td>False</td>\n",
       "      <td>True</td>\n",
       "    </tr>\n",
       "  </tbody>\n",
       "</table>\n",
       "<p>4 rows × 23 columns</p>\n",
       "</div>"
      ],
      "text/plain": [
       "     CryoSleep   Age    VIP  RoomService  FoodCourt  ShoppingMall   Spa  \\\n",
       "7842      True  61.0  False          0.0        0.0           0.0   0.0   \n",
       "6941     False  20.0  False          0.0      802.0           0.0  16.0   \n",
       "1897     False  19.0  False         30.0        1.0        1051.0   0.0   \n",
       "3749      True  33.0  False          0.0        0.0           0.0   0.0   \n",
       "\n",
       "      VRDeck  Transported  HomePlanet_Earth  ...  Cabin_B  Cabin_C  Cabin_D  \\\n",
       "7842     0.0         True             False  ...    False    False    False   \n",
       "6941     0.0        False              True  ...    False    False    False   \n",
       "1897     6.0         True              True  ...    False    False    False   \n",
       "3749     0.0         True             False  ...    False    False    False   \n",
       "\n",
       "      Cabin_E  Cabin_F  Cabin_G  Cabin_T  Destination_55 Cancri e  \\\n",
       "7842    False     True    False    False                    False   \n",
       "6941    False    False     True    False                    False   \n",
       "1897    False     True    False    False                     True   \n",
       "3749    False     True    False    False                    False   \n",
       "\n",
       "      Destination_PSO J318.5-22  Destination_TRAPPIST-1e  \n",
       "7842                      False                     True  \n",
       "6941                      False                     True  \n",
       "1897                      False                    False  \n",
       "3749                      False                     True  \n",
       "\n",
       "[4 rows x 23 columns]"
      ]
     },
     "execution_count": 4,
     "metadata": {},
     "output_type": "execute_result"
    }
   ],
   "source": [
    "# One-hot encoding for sex and title\n",
    "spaceship_1= pd.get_dummies(spaceship_1, columns=['HomePlanet','Cabin','Destination']) #las binarias como VIP y Cryo no se incluyen\n",
    "spaceship_1.sample(4)"
   ]
  },
  {
   "cell_type": "markdown",
   "metadata": {},
   "source": [
    "#### Quick EDA"
   ]
  },
  {
   "cell_type": "code",
   "execution_count": 5,
   "metadata": {},
   "outputs": [
    {
     "data": {
      "application/vnd.plotly.v1+json": {
       "config": {
        "plotlyServerURL": "https://plot.ly"
       },
       "data": [
        {
         "colorbar": {
          "ticktext": [
           "-1",
           "0",
           "1"
          ],
          "tickvals": [
           -1,
           0,
           1
          ],
          "title": {
           "text": "Correlación"
          }
         },
         "colorscale": [
          [
           0,
           "rgb(103,0,31)"
          ],
          [
           0.1,
           "rgb(178,24,43)"
          ],
          [
           0.2,
           "rgb(214,96,77)"
          ],
          [
           0.3,
           "rgb(244,165,130)"
          ],
          [
           0.4,
           "rgb(253,219,199)"
          ],
          [
           0.5,
           "rgb(247,247,247)"
          ],
          [
           0.6,
           "rgb(209,229,240)"
          ],
          [
           0.7,
           "rgb(146,197,222)"
          ],
          [
           0.8,
           "rgb(67,147,195)"
          ],
          [
           0.9,
           "rgb(33,102,172)"
          ],
          [
           1,
           "rgb(5,48,97)"
          ]
         ],
         "type": "heatmap",
         "x": [
          "CryoSleep",
          "Age",
          "VIP",
          "RoomService",
          "FoodCourt",
          "ShoppingMall",
          "Spa",
          "VRDeck",
          "Transported",
          "HomePlanet_Earth",
          "HomePlanet_Europa",
          "HomePlanet_Mars",
          "Cabin_A",
          "Cabin_B",
          "Cabin_C",
          "Cabin_D",
          "Cabin_E",
          "Cabin_F",
          "Cabin_G",
          "Cabin_T",
          "Destination_55 Cancri e",
          "Destination_PSO J318.5-22",
          "Destination_TRAPPIST-1e"
         ],
         "y": [
          "CryoSleep",
          "Age",
          "VIP",
          "RoomService",
          "FoodCourt",
          "ShoppingMall",
          "Spa",
          "VRDeck",
          "Transported",
          "HomePlanet_Earth",
          "HomePlanet_Europa",
          "HomePlanet_Mars",
          "Cabin_A",
          "Cabin_B",
          "Cabin_C",
          "Cabin_D",
          "Cabin_E",
          "Cabin_F",
          "Cabin_G",
          "Cabin_T",
          "Destination_55 Cancri e",
          "Destination_PSO J318.5-22",
          "Destination_TRAPPIST-1e"
         ],
         "z": [
          [
           1,
           -0.09087015545370854,
           -0.08230349458283939,
           -0.521965258338124,
           -0.5341204097441762,
           -0.5197568549894535,
           -0.5549705985204646,
           -0.5341215973948502,
           0.46280348215356626,
           -0.10730272339220603,
           0.0971723380249516,
           0.02770413750524067,
           -0.03649559220115424,
           0.12128602000362715,
           0.03537961680130107,
           -0.07678954793862207,
           -0.11038798645978422,
           -0.22755250208968456,
           0.2598841626415908,
           -0.01285459741109893,
           0.06368113283952992,
           0.09328714429172663,
           -0.11560294564028122
          ],
          [
           -0.09087015545370854,
           1,
           0.10851122701610563,
           0.13285496774609137,
           0.2061453142525609,
           0.11296440925821563,
           0.2080320403699362,
           0.18361423526126827,
           -0.08120218886750603,
           -0.23687101236648572,
           0.25031481689583573,
           0.02271912279795258,
           0.0953147791659542,
           0.10953592949686657,
           0.15373101559164407,
           0.09113964192511531,
           0.030794578945673917,
           -0.03642444158535859,
           -0.2319209035773388,
           0.01724574179270772,
           0.025401776506749133,
           -0.035442950209814535,
           -0.00009001018307846835
          ],
          [
           -0.08230349458283939,
           0.10851122701610563,
           1,
           0.045790844727971326,
           0.12401308048044055,
           0.03322869436838524,
           0.09352648178674185,
           0.10475545293916896,
           -0.04226002786876538,
           -0.17172503715465864,
           0.15523059526244026,
           0.044639828746038536,
           0.1456327838036194,
           0.07874944348224784,
           0.06399551260407128,
           0.07126806966550236,
           -0.008837861269543336,
           -0.07053221508680126,
           -0.1034694484169743,
           -0.002759250989298923,
           0.04421525236627969,
           -0.0009307517875429409,
           -0.038646714368373795
          ],
          [
           -0.521965258338124,
           0.13285496774609137,
           0.045790844727971326,
           1,
           0.17570239019094683,
           0.442218974476426,
           0.25352793358817505,
           0.17638530648512044,
           -0.3634118804715385,
           -0.03390775059071074,
           -0.209185007913542,
           0.26627397055626845,
           -0.03966630248860818,
           -0.15053777816449065,
           -0.09852402425212327,
           0.1705617023698662,
           0.0983335881754449,
           0.24069120864659196,
           -0.22471782963399997,
           -0.01229719469421138,
           -0.08280772174528458,
           -0.051334918375445085,
           0.10600109695327138
          ],
          [
           -0.5341204097441762,
           0.2061453142525609,
           0.12401308048044055,
           0.17570239019094683,
           1,
           0.18463214751512022,
           0.4786454722261454,
           0.510008161763241,
           -0.1767237253902619,
           -0.06999336045462129,
           0.28513069907785643,
           -0.21996847429567523,
           0.14163295376953933,
           0.07675104598946515,
           0.18660540989431001,
           0.0345356102414661,
           0.014811202794444867,
           -0.009649477276269238,
           -0.2377071701997845,
           0.03104654952244604,
           0.05863443190350971,
           -0.06980828315851167,
           -0.007811703290836839
          ],
          [
           -0.5197568549894535,
           0.11296440925821563,
           0.03322869436838524,
           0.442218974476426,
           0.18463214751512022,
           1,
           0.2569294232424719,
           0.19789750998967945,
           -0.22530891479948725,
           0.014319351717425143,
           -0.19495642756353482,
           0.19166494062274164,
           -0.05160416454938059,
           -0.1298297293511171,
           -0.08949445514930167,
           0.11209946446092629,
           0.10058327802014516,
           0.23044327416034133,
           -0.20101770375941816,
           0.0002719353049566711,
           -0.08148343883979423,
           -0.033670223768630284,
           0.09363623290217722
          ],
          [
           -0.5549705985204646,
           0.2080320403699362,
           0.09352648178674185,
           0.25352793358817505,
           0.4786454722261454,
           0.2569294232424719,
           1,
           0.4340821606329277,
           -0.370352784211502,
           -0.06695125036042424,
           0.17635856421311336,
           -0.10694624022400062,
           0.1082517335371062,
           0.023263076697818734,
           0.11701361993267935,
           0.07386531814690897,
           0.037576101039677325,
           0.04134432193369201,
           -0.2344047826307964,
           0.023858726522122,
           0.017390163818117622,
           -0.07531676000257771,
           0.03227751169141799
          ],
          [
           -0.5341215973948502,
           0.18361423526126827,
           0.10475545293916896,
           0.17638530648512044,
           0.510008161763241,
           0.19789750998967945,
           0.4340821606329277,
           1,
           -0.34401463769878526,
           -0.012458915138387958,
           0.20877262600318292,
           -0.20878532855910686,
           0.11596551960772782,
           0.03868347414300478,
           0.14711148977807395,
           0.029900074075600122,
           0.021130568614486915,
           0.034547990395955255,
           -0.2257849220966219,
           0.022538727712939695,
           0.03380006191616392,
           -0.05813600784646872,
           0.006832333869552557
          ],
          [
           0.46280348215356626,
           -0.08120218886750603,
           -0.04226002786876538,
           -0.3634118804715385,
           -0.1767237253902619,
           -0.22530891479948725,
           -0.370352784211502,
           -0.34401463769878526,
           1,
           -0.168845411769792,
           0.18200355928114656,
           0.012356645382159283,
           -0.0056514070865691084,
           0.14628845043628003,
           0.10998761952550493,
           -0.03977187209935536,
           -0.09842688693103799,
           -0.09484742630057914,
           0.022711483555325703,
           -0.00012645196966688178,
           0.12378258805434025,
           0.0012810564355560643,
           -0.1106552704620771
          ],
          [
           -0.10730272339220603,
           -0.23687101236648572,
           -0.17172503715465864,
           -0.03390775059071074,
           -0.06999336045462129,
           0.014319351717425143,
           -0.06695125036042424,
           -0.012458915138387958,
           -0.168845411769792,
           1,
           -0.630734069568508,
           -0.5532404624506899,
           -0.19479732791712998,
           -0.35103930343863216,
           -0.33822893379753954,
           -0.2653236458583188,
           -0.055554738597866624,
           0.07668095621750645,
           0.6025297774359358,
           -0.01884800303988736,
           -0.1539414304300097,
           0.24078414456395666,
           -0.01591824526819169
          ],
          [
           0.0971723380249516,
           0.25031481689583573,
           0.15523059526244026,
           -0.209185007913542,
           0.28513069907785643,
           -0.19495642756353482,
           0.17635856421311336,
           0.20877262600318292,
           0.18200355928114656,
           -0.630734069568508,
           1,
           -0.29747636829156493,
           0.3088422479705162,
           0.5565567493108181,
           0.5362464945471007,
           0.0787488342583779,
           -0.08114212835948793,
           -0.4047980762401778,
           -0.38003605855837524,
           0.02988264618840311,
           0.29474421412460516,
           -0.1676737799069283,
           -0.15534091708531145
          ],
          [
           0.02770413750524067,
           0.02271912279795258,
           0.044639828746038536,
           0.26627397055626845,
           -0.21996847429567523,
           0.19166494062274164,
           -0.10694624022400062,
           -0.20878532855910686,
           0.012356645382159283,
           -0.5532404624506899,
           -0.29747636829156493,
           1,
           -0.0918732703012721,
           -0.16556248053314107,
           -0.159520659706954,
           0.2418981645973991,
           0.1554549263280871,
           0.3402014396377325,
           -0.33334385270896844,
           -0.008889381063067935,
           -0.12700520847159216,
           -0.11624726579479279,
           0.18634037253039212
          ],
          [
           -0.03649559220115424,
           0.0953147791659542,
           0.1456327838036194,
           -0.03966630248860818,
           0.14163295376953933,
           -0.05160416454938059,
           0.1082517335371062,
           0.11596551960772782,
           -0.0056514070865691084,
           -0.19479732791712998,
           0.3088422479705162,
           -0.0918732703012721,
           1,
           -0.058294956714345994,
           -0.05616761673729179,
           -0.044060680097911226,
           -0.06107572108918808,
           -0.1250187478401569,
           -0.11737119063502333,
           -0.003129972942058823,
           0.09106752101455773,
           -0.05209217550802806,
           -0.047814867490636195
          ],
          [
           0.12128602000362715,
           0.10953592949686657,
           0.07874944348224784,
           -0.15053777816449065,
           0.07675104598946515,
           -0.1298297293511171,
           0.023263076697818734,
           0.03868347414300478,
           0.14628845043628003,
           -0.35103930343863216,
           0.5565567493108181,
           -0.16556248053314107,
           -0.058294956714345994,
           1,
           -0.10121823161586141,
           -0.07940062944386533,
           -0.11006300146622999,
           -0.22529310143950604,
           -0.21151163337214499,
           -0.005640444523086679,
           0.18309238694357713,
           -0.09929125483766593,
           -0.09957880892168774
          ],
          [
           0.03537961680130107,
           0.15373101559164407,
           0.06399551260407128,
           -0.09852402425212327,
           0.18660540989431001,
           -0.08949445514930167,
           0.11701361993267935,
           0.14711148977807395,
           0.10998761952550493,
           -0.33822893379753954,
           0.5362464945471007,
           -0.159520659706954,
           -0.05616761673729179,
           -0.10121823161586141,
           1,
           -0.07650308662473439,
           -0.10604650610864674,
           -0.21707154938320533,
           -0.2037930042034254,
           -0.005434609510958334,
           0.17019307447099455,
           -0.07892820747355514,
           -0.10103102814867605
          ],
          [
           -0.07678954793862207,
           0.09113964192511531,
           0.07126806966550236,
           0.1705617023698662,
           0.0345356102414661,
           0.11209946446092629,
           0.07386531814690897,
           0.029900074075600122,
           -0.03977187209935536,
           -0.2653236458583188,
           0.0787488342583779,
           0.2418981645973991,
           -0.044060680097911226,
           -0.07940062944386533,
           -0.07650308662473439,
           1,
           -0.08318816878074937,
           -0.17028175043398697,
           -0.15986539728750387,
           -0.004263178767925528,
           0.016546421763266053,
           -0.04991493107844134,
           0.016935448003004262
          ],
          [
           -0.11038798645978422,
           0.030794578945673917,
           -0.008837861269543336,
           0.0983335881754449,
           0.014811202794444867,
           0.10058327802014516,
           0.037576101039677325,
           0.021130568614486915,
           -0.09842688693103799,
           -0.055554738597866624,
           -0.08114212835948793,
           0.1554549263280871,
           -0.06107572108918808,
           -0.11006300146622999,
           -0.10604650610864674,
           -0.08318816878074937,
           1,
           -0.2360399492920663,
           -0.22160108275329837,
           -0.005909502912904689,
           -0.07100524596925362,
           -0.053438761009946746,
           0.09686034380611555
          ],
          [
           -0.22755250208968456,
           -0.03642444158535859,
           -0.07053221508680126,
           0.24069120864659196,
           -0.009649477276269238,
           0.23044327416034133,
           0.04134432193369201,
           0.034547990395955255,
           -0.09484742630057914,
           0.07668095621750645,
           -0.4047980762401778,
           0.3402014396377325,
           -0.1250187478401569,
           -0.22529310143950604,
           -0.21707154938320533,
           -0.17028175043398697,
           -0.2360399492920663,
           1,
           -0.4536056127013898,
           -0.012096437690031462,
           -0.1130927742979976,
           -0.016524049794208143,
           0.11082488369111006
          ],
          [
           0.2598841626415908,
           -0.2319209035773388,
           -0.1034694484169743,
           -0.22471782963399997,
           -0.2377071701997845,
           -0.20101770375941816,
           -0.2344047826307964,
           -0.2257849220966219,
           0.022711483555325703,
           0.6025297774359358,
           -0.38003605855837524,
           -0.33334385270896844,
           -0.11737119063502333,
           -0.21151163337214499,
           -0.2037930042034254,
           -0.15986539728750387,
           -0.22160108275329837,
           -0.4536056127013898,
           1,
           -0.011356483076735173,
           -0.10278074979525788,
           0.21042125964544017,
           -0.04208449160961796
          ],
          [
           -0.01285459741109893,
           0.01724574179270772,
           -0.002759250989298923,
           -0.01229719469421138,
           0.03104654952244604,
           0.0002719353049566711,
           0.023858726522122,
           0.022538727712939695,
           -0.00012645196966688178,
           -0.01884800303988736,
           0.02988264618840311,
           -0.008889381063067935,
           -0.003129972942058823,
           -0.005640444523086679,
           -0.005434609510958334,
           -0.004263178767925528,
           -0.005909502912904689,
           -0.012096437690031462,
           -0.011356483076735173,
           1,
           -0.009053126848031424,
           -0.005615597699430395,
           0.011590881787744561
          ],
          [
           0.06368113283952992,
           0.025401776506749133,
           0.04421525236627969,
           -0.08280772174528458,
           0.05863443190350971,
           -0.08148343883979423,
           0.017390163818117622,
           0.03380006191616392,
           0.12378258805434025,
           -0.1539414304300097,
           0.29474421412460516,
           -0.12700520847159216,
           0.09106752101455773,
           0.18309238694357713,
           0.17019307447099455,
           0.016546421763266053,
           -0.07100524596925362,
           -0.1130927742979976,
           -0.10278074979525788,
           -0.009053126848031424,
           1,
           -0.16786944782810834,
           -0.781055920836291
          ],
          [
           0.09328714429172663,
           -0.035442950209814535,
           -0.0009307517875429409,
           -0.051334918375445085,
           -0.06980828315851167,
           -0.033670223768630284,
           -0.07531676000257771,
           -0.05813600784646872,
           0.0012810564355560643,
           0.24078414456395666,
           -0.1676737799069283,
           -0.11624726579479279,
           -0.05209217550802806,
           -0.09929125483766593,
           -0.07892820747355514,
           -0.04991493107844134,
           -0.053438761009946746,
           -0.016524049794208143,
           0.21042125964544017,
           -0.005615597699430395,
           -0.16786944782810834,
           1,
           -0.48448408000916376
          ],
          [
           -0.11560294564028122,
           -0.00009001018307846835,
           -0.038646714368373795,
           0.10600109695327138,
           -0.007811703290836839,
           0.09363623290217722,
           0.03227751169141799,
           0.006832333869552557,
           -0.1106552704620771,
           -0.01591824526819169,
           -0.15534091708531145,
           0.18634037253039212,
           -0.047814867490636195,
           -0.09957880892168774,
           -0.10103102814867605,
           0.016935448003004262,
           0.09686034380611555,
           0.11082488369111006,
           -0.04208449160961796,
           0.011590881787744561,
           -0.781055920836291,
           -0.48448408000916376,
           1
          ]
         ],
         "zmax": 1,
         "zmin": -1
        }
       ],
       "layout": {
        "height": 700,
        "template": {
         "data": {
          "bar": [
           {
            "error_x": {
             "color": "#2a3f5f"
            },
            "error_y": {
             "color": "#2a3f5f"
            },
            "marker": {
             "line": {
              "color": "#E5ECF6",
              "width": 0.5
             },
             "pattern": {
              "fillmode": "overlay",
              "size": 10,
              "solidity": 0.2
             }
            },
            "type": "bar"
           }
          ],
          "barpolar": [
           {
            "marker": {
             "line": {
              "color": "#E5ECF6",
              "width": 0.5
             },
             "pattern": {
              "fillmode": "overlay",
              "size": 10,
              "solidity": 0.2
             }
            },
            "type": "barpolar"
           }
          ],
          "carpet": [
           {
            "aaxis": {
             "endlinecolor": "#2a3f5f",
             "gridcolor": "white",
             "linecolor": "white",
             "minorgridcolor": "white",
             "startlinecolor": "#2a3f5f"
            },
            "baxis": {
             "endlinecolor": "#2a3f5f",
             "gridcolor": "white",
             "linecolor": "white",
             "minorgridcolor": "white",
             "startlinecolor": "#2a3f5f"
            },
            "type": "carpet"
           }
          ],
          "choropleth": [
           {
            "colorbar": {
             "outlinewidth": 0,
             "ticks": ""
            },
            "type": "choropleth"
           }
          ],
          "contour": [
           {
            "colorbar": {
             "outlinewidth": 0,
             "ticks": ""
            },
            "colorscale": [
             [
              0,
              "#0d0887"
             ],
             [
              0.1111111111111111,
              "#46039f"
             ],
             [
              0.2222222222222222,
              "#7201a8"
             ],
             [
              0.3333333333333333,
              "#9c179e"
             ],
             [
              0.4444444444444444,
              "#bd3786"
             ],
             [
              0.5555555555555556,
              "#d8576b"
             ],
             [
              0.6666666666666666,
              "#ed7953"
             ],
             [
              0.7777777777777778,
              "#fb9f3a"
             ],
             [
              0.8888888888888888,
              "#fdca26"
             ],
             [
              1,
              "#f0f921"
             ]
            ],
            "type": "contour"
           }
          ],
          "contourcarpet": [
           {
            "colorbar": {
             "outlinewidth": 0,
             "ticks": ""
            },
            "type": "contourcarpet"
           }
          ],
          "heatmap": [
           {
            "colorbar": {
             "outlinewidth": 0,
             "ticks": ""
            },
            "colorscale": [
             [
              0,
              "#0d0887"
             ],
             [
              0.1111111111111111,
              "#46039f"
             ],
             [
              0.2222222222222222,
              "#7201a8"
             ],
             [
              0.3333333333333333,
              "#9c179e"
             ],
             [
              0.4444444444444444,
              "#bd3786"
             ],
             [
              0.5555555555555556,
              "#d8576b"
             ],
             [
              0.6666666666666666,
              "#ed7953"
             ],
             [
              0.7777777777777778,
              "#fb9f3a"
             ],
             [
              0.8888888888888888,
              "#fdca26"
             ],
             [
              1,
              "#f0f921"
             ]
            ],
            "type": "heatmap"
           }
          ],
          "heatmapgl": [
           {
            "colorbar": {
             "outlinewidth": 0,
             "ticks": ""
            },
            "colorscale": [
             [
              0,
              "#0d0887"
             ],
             [
              0.1111111111111111,
              "#46039f"
             ],
             [
              0.2222222222222222,
              "#7201a8"
             ],
             [
              0.3333333333333333,
              "#9c179e"
             ],
             [
              0.4444444444444444,
              "#bd3786"
             ],
             [
              0.5555555555555556,
              "#d8576b"
             ],
             [
              0.6666666666666666,
              "#ed7953"
             ],
             [
              0.7777777777777778,
              "#fb9f3a"
             ],
             [
              0.8888888888888888,
              "#fdca26"
             ],
             [
              1,
              "#f0f921"
             ]
            ],
            "type": "heatmapgl"
           }
          ],
          "histogram": [
           {
            "marker": {
             "pattern": {
              "fillmode": "overlay",
              "size": 10,
